0.589144291286472 0.7520925036099955
0.8395297516065894 0.21881584106339746
0.719661629654147 0.586094715288336
0.08172207913837193 0.43708270370684177
0.5375305294076764 0.16056419069872718
0.5832203707983781 0.3310100964887589
0.20816165525800068 0.6520556501455819
0.8471388226561168 0.1680590273946928
0.8164018499892749 0.7696409426269043
0.5322230620055161 0.09784375140853907
0.719104970627563 0.538853540427476
0.22725892016687044 0.13814515713822362
0.5830902723053876 0.012452625094068082
0.12974645978526866 0.20502563508736193
0.5440109598995576 0.4190867475714002
0.7010095958138678 0.26346499986069705
0.8876395645459105 0.24912012614388446
0.1682504019038943 0.6051659926414052
0.8339825303000812 0.7828026687582432
0.766778329573492 0.5245917364016911
0.5581781022521569 0.938741542592544
0.6684853711909687 0.041418499778068885
0.8634932241390354 0.6820923856226783
0.19774501107065023 0.02157889321995421
0.08100040708180511 0.05556027732440039
0.35542947053052143 0.13234431337749042
0.677344983053154 0.17356626103669226
0.7365237422208553 0.1035075577236989
0.48359068391761173 0.3692626824947337
0.024523102575772504 0.6098375825579735
0.766279064862017 0.9131601679301138
0.5161572419382018 0.38375732796117545
0.43909020829662426 0.021368689533938445
0.42426301145339895 0.9930794452780854
0.08226734711102535 0.18543782642660644
0.377553277638778 0.8901000561210053
0.9628526924291724 0.4829301488833626
0.31677752671135806 0.7327936401275299
0.7496579576505732 0.7662664673531918
0.11273781477555711 0.15933648216410046
0.2898130463455648 0.8394673183558071
0.5978555276841395 0.8522752156120827
0.06969120716956734 0.779743944290942
0.49506055616158007 0.03863242991982618
0.07815688278137689 0.8325067613183317
0.4608990899380324 0.3265497209312681
0.3032969802435398 0.8893458931586672
0.5869513958312158 0.10252229766378052
0.5260804922634906 0.058765771762787744
0.817446781063003 0.1541442272815915
0.4416296949599475 0.22498007210820758
0.24446207350054483 0.7565210059828468
0.6635412704153487 0.33566231095907173
0.6300627609842504 0.9499187623268411
0.06194481871765134 0.405413028458144
0.600979474873307 0.011570787307785269
0.4361472853350262 0.038964262467247934
0.004311388944931549 0.7457054941490553
0.6943138699985775 0.6020695515409586
0.8402864854238387 0.17038399385397685
0.507694144213726 0.8798774649798473
0.2145066772384565 0.3945504655858303
0.5727396273632099 0.9190497600309437
0.2752956303682831 0.6425940885000715
0.8457161360046704 0.9432631490924458
0.6370811213682412 0.7038327622371917
0.5270613873131939 0.9143249013110901
0.5950289798923531 0.2593274241787925
0.22103192668047045 0.32158473160887746
0.08185067856151662 0.5903102480985803
0.4114279541941006 0.28069930109498253
0.43685443144648306 0.3116365904542142
0.4685608315355616 0.048170872110996577
0.9978393563040245 0.4892293101513584
0.6242925619567952 0.9689487244542344
0.3719990291466324 0.22272946913868985
0.49783829784138434 0.027199153128144693
0.08490713966760755 0.6938399702589528
0.2888686647534723 0.8623467554846611
0.12024700679726452 0.5303442078104531
0.8128817752117313 0.715554230023422
0.3556525619288414 0.24051655007337858
0.8463024757064942 0.22912520175819762
0.5321163012214162 0.5446520275364095
0.5886094977842261 0.02315982380232562
0.9374216038760615 0.38988460675872294
0.85437458876504 0.8853004328338803
0.46461420699057954 0.5567041191450403
0.5033157268610297 0.2611290346322579
0.5799763964175667 0.7701253918877724
0.09252498430208533 0.6191810636767494
0.9425257560622794 0.11516926608409894
0.21145811965649952 0.3366867463558185
0.058826277492528 0.8414880821158034
0.07808419043087977 0.36066381179167484
0.6621934967415589 0.28547972806220656
0.3837048176016885 0.8689246156565558
0.48174368478237994 0.42461211821505596
0.5832316987597231 0.39675748945122646
0.4267916752594899 0.5401189982056877
0.7538117110740057 0.5172525207557723
0.564836745727345 0.763675635094499
0.35951797464989677 0.9262437608956676
0.176914949030458 0.01954709512397057
0.6187388015131938 0.2587825047540845
0.7766835714573773 0.36925107946177427
0.6651671589535733 0.4670832720362518
0.9466831349608926 0.9864705024525167
0.30203895822758886 0.8447884385248402
0.8152020993836537 0.2568622273968276
0.8064995854988498 0.6348682971135514
0.8942231168012869 0.3049403225909342
0.4944346315795666 0.6253676090438961
0.643013193618821 0.020799752764996682
0.9383030961026952 0.5651832949086715
0.18308420462630381 0.9159535026805864
0.3041275436678237 0.44683283040767696
0.5812588227152556 0.0900811949614897
0.4702636084368529 0.39581850615605596
0.3006825272182301 0.3570030763073653
0.7964120077974522 0.9272673351597699
0.8669454412366951 0.8549861870611983
0.4563511047139942 0.17786595173169717
0.0026817117413164837 0.9157170007941071
0.7168762227395792 0.040154218237315686
0.2296985664189567 0.47983556893564683
0.04293466398880519 0.20255451487041132
0.14581101059638946 0.5263889534256929
0.5933972413815106 0.04255538115920243
0.6341860973274203 0.941701069350851
0.5107352834859498 0.3717132187651808
0.21573096489359367 0.9233195868982291
0.4799749068876491 0.5266046203510546
0.5280748424992061 0.5737526738837805
0.1958553241498041 0.5578089342655392
0.09605387956813005 0.6605388950612443
0.40336673209965634 0.34417671102522207
0.12937160039240958 0.6066301010843698
0.07563558969588724 0.5650132030143787
0.9502691000058334 0.8363718710593119
0.8364608000783815 0.8689615794883679
0.40644678862515105 0.8649983459344404
0.6996657088750751 0.8950154501411308
0.9464085078976027 0.9863605981204184
0.3923026510964488 0.5924493885199449
0.8799235086013002 0.8145151086917344
0.33539871975450597 0.5495384007244639
0.8082098546586239 0.9160629193772262
0.09750224052131473 0.6374167625719979
0.1560296681730402 0.7765624236882352
0.3033428710012367 0.09903903432802386
0.5514148760430371 0.11309903109066899
0.49069176074951215 0.44875361165839933
0.12648402149099358 0.3315455854516689
0.4551131134995806 0.7409545909888922
0.4830039030473088 0.8688308566420327
0.8491329429023599 0.5018684705093506
0.9203056720155697 0.3244803368595437
0.595834176514585 0.228630336239932
0.5398314566774304 0.29636906587611045
0.8735155382000279 0.7713492734752707
0.45968970991089675 0.9990997334738837
0.7458563992126013 0.496540736318272
0.220195893632412 0.6158706176740946
0.8830135429454326 0.36242914185150865
0.6857057011842035 0.7258303818805606
0.10741915918065104 0.7983382694167674
0.5839554725104567 0.02803794908046986
0.29683737162059776 0.2214598258968653
0.14836246970214817 0.18896319062398848
0.6917219483056435 0.7522913546241232
0.2991892975613296 0.5190848648439066
0.11741772506954207 0.6096809688530236
0.5405192380377748 0.4773399249124384
0.6836629616332054 0.32891538297829126
0.48636075369823606 0.8858460310920727
0.6070482963885673 0.13814384524128454
0.6679658348475621 0.15475710465539638
0.7880539979487742 0.8095526246471401
0.624629436363793 0.2862604699370568
0.4451987149787574 0.5185893822384083
0.7302035748483258 0.09223835809056447
0.6842479453333231 0.4068362296514332
0.1051408383425757 0.588728187675113
0.43339925795279066 0.008113211675021548
0.3497017521097703 0.007074131242157722
0.03969332261688807 0.7713948412853151
0.6806758646929683 0.8087853136030846
0.4390485540772784 0.6863201514619895
0.3778156930555048 0.18309472607981458
0.3834938049932759 0.11446345815262549
0.9695056202862623 0.7938546834201496
0.16512965071092456 0.4622105383013102
0.5069575245113932 0.05481548835578942
0.9553048735911716 0.7982497539448371
0.9997410804999541 0.028412205865566142
0.9304784655086844 0.06465048133243712
0.3278934493331854 0.7754763019247255
0.09065037195826908 0.28408187006660157
0.9244170447462128 0.36238377720067727
0.8287705647872253 0.3885162271824881
0.4043833096943513 0.9941718772785492
0.7303380670480046 0.6351123609517838
0.6883543032676082 0.8016224540362175
0.8766242897604852 0.7925570406153508
0.9217578832380258 0.5795955470365564
0.7937551425660938 0.49776142256742784
0.5988730480470136 0.11074270860855762
0.3810206598614231 0.8011504043771988
0.19728493474241937 0.6552852003051564
0.5017644837298143 0.27064933221410215
0.00943301700436272 0.6084161253967927
0.653964845314038 0.2622983197380865
0.17680419386584068 0.1493020930508746
0.827734177251426 0.4781086089586942
0.314641434626321 0.4282406391441085
0.5844519511804096 0.4198284030079652
0.3921344057804179 0.06706189853156463
0.7374173165856485 0.21587065894003055
0.5244059116738728 0.05434683711627375
0.8483286663488322 0.7693921858202142
0.5955456292380756 0.2619137442721283
0.8820943520881505 0.779874877446023
0.5208990612407705 0.161510836176037
0.9201239727280007 0.5945010663973399
0.9054136357698994 0.8401740075397551
0.9813689088849429 0.9935967174955719
0.7342750403701356 0.9256536333116628
0.2309738114772829 0.9323566009342904
0.3862935824205561 0.008093934932226099
0.9863133484001938 0.9905607574881626
0.10666418540501876 0.2859641431758254
0.6277749594702196 0.03479758793324117
0.7872210443033071 0.22376540309630744
0.5532003743341465 0.2529134109141664
0.9858260076811429 0.0007441666942147318
0.295801403909423 0.4997445846204096
0.6912841474288794 0.7446874930293768
0.9859010009763997 0.8547512642198479
0.25406098807009625 0.5588161666216359
0.3432638472502233 0.91497834753345
0.5234930210959977 0.8909417551243113
0.2840448019594747 0.991467613171222
0.2732272733491208 0.6218005993381952
0.10744641929670629 0.6167750041164207
0.6108196939260776 0.5566944641622467
0.018279199541840985 0.8940764359217604
0.5903390782254475 0.9249771479270558
0.29076411831395765 0.3861036094450928
0.9654261302094314 0.11001135770812398
0.40344916365736827 0.37103868317255706
0.7858284243373188 0.647387723013148
0.006881914511605469 0.6716713596438838
0.7329742368123522 0.4234910839075131
0.8327870069452816 0.9891127913508171
0.4631405962061992 0.0887315068034723
0.9598411546343671 0.07473149254395328
0.4212442359140943 0.2854643272552714
0.9004455298776193 0.42712724245473244
0.1939175348779888 0.962631164479192
0.6666029373966845 0.49988596794110984
0.8415352629926338 0.1411066778569905
0.8935335881617953 0.2518299685765367
0.1285896643167156 0.14035623502765737
0.7986079722161807 0.0499513785532093
0.10704023835827159 0.8872335189478364
0.748905781377595 0.5466441972359872
0.5004303578504278 0.8666879576536318
0.7207234923733106 0.2492709661922039
0.710623874910041 0.9684405392707851
0.22436380917546628 0.46137368877227636
0.37449240789122473 0.6148164778187702
0.9723982458367436 0.6001307024517091
0.2978425963237811 0.9411621617211299
0.851564414017778 0.8197249911441311
0.7347137789432012 0.7691260193608194
0.7053258522215261 0.7140436334646791
0.48958951646882065 0.548154827682514
0.9925675665561201 0.6384504597693398
0.4709960288043148 0.888444494510748
0.3770912431962894 0.9122539816642163
0.8161680901813987 0.917941672967235
0.6109835718321805 0.18453990756396488
0.21134414764050402 0.1564534902830682
0.6281468074145173 0.8649261275755395
0.7634327187601656 0.35734957268663303
0.08777164823443817 0.740572945883709
0.41853473888640236 0.23161095020683808
0.5165480528835507 0.0036624130519734566
0.21786321322259583 0.8651713310688173
0.5641793928829775 0.01349073313972704
0.3785853300582702 0.9452059528612009
0.10139636018771425 0.9951124385448911
0.14304042458134147 0.20335264724147661
0.8208873486716493 0.5264508738096131
0.006935981184115869 0.916254251922177
0.5179501725817798 0.51351553992267
0.10249252283050492 0.6303918731086782
0.9860660307494119 0.26081437872011337
0.09512851757273388 0.6321435726129648
0.6973723274544565 0.005937133579451692
0.8587194811717084 0.009045640818914014
0.41464410097018456 0.13246505177327794
0.6033865951258071 0.11795488807327348
0.5583813411200932 0.483779358830999
0.5832564398306486 0.6122591307541526
0.15082337070449703 0.0478991647234982
0.7789082341523674 0.3182929749805091
0.1767124007253642 0.10316734683929385
0.8420041707838335 0.17013956106395256
0.6943793000735627 0.4204438786097786
0.20854935178021394 0.14445560612241515
0.42900090758977705 0.37545341603390214
0.8781663197337458 0.11922533800314083
0.975772837697363 0.16060026342921907
0.6131497180195807 0.27686546388670763
0.14229165963484902 0.9703654124554728
0.009412010141606086 0.14641978204045314
0.3670597101337588 0.5709651729448674
0.432331134850682 0.5798070498101505
0.7285329734000549 0.15568908211990984
0.09407789737986127 0.9859499411927845
0.5664961759553743 0.3613921434016971
0.15165607248231117 0.17240544591240448
0.4357954716090482 0.09306573090576209
0.5914271966775025 0.7099705992937857
0.3182325547636867 0.05154149721247914
0.25029239502722667 0.6789396028062095
0.4306463885364644 0.23404724388653686
0.21365560360422708 0.4976906909647604
0.954202604436488 0.12746103954329924
0.71969591806455 0.7217035127895475
0.6148285595689114 0.10297587815618958
0.7727145628054259 0.4327440673846875
0.6204237309524706 0.15518342334318713
0.7445095033656199 0.6730412021023684
0.7133894187375875 0.5357685840624672
0.17498849614408907 0.7978513067667896
0.6583035526988826 0.7522868885543981
0.7722956928651533 0.9142277878852983
0.9065192963323422 0.25110730327223363
0.6945596001357665 0.37475160194597423
0.5317089876318274 0.24739250004550906
0.7803255492589726 0.8663221378910186
0.19549248381649753 0.19650582492095792
0.21862321996998935 0.5076533996987426
0.9944400839028883 0.8409471662022975
0.5403475416640351 0.5681565280142973
0.04974205261385212 0.6098296406291089
0.6179758962548949 0.36925907530263513
0.523300003246352 0.4397934541230516
0.37567010978037507 0.49291077558370766
0.3641638354719877 0.7139177633411762
0.06203503695373713 0.7023050868600718
0.22241528428223234 0.5576848419689158
0.9689124614308888 0.8200619065941995
0.8887105667181268 0.2966595177204293
0.6822851304132618 0.6842162077928395
0.9018651365204366 0.4270303566993451
0.39240315531019243 0.8020938415680587
0.24929131471062715 0.8518928329937661
0.5782275753980185 0.2914230006384567
0.4409480022458052 0.11333614786627122
0.40356815637918364 0.1636204961322858
0.4867837152407185 0.16190039136518286
0.35252696206096135 0.21637195270173382
0.18923728864032563 0.17443058060285077
0.6139307726781157 0.826691885658249
0.4123989098670433 0.6857831160714607
0.6787011651327903 0.598981475838533
0.9314830611405721 0.7225085390487785
0.7995545141425895 0.2411219111880487
0.8487272946439144 0.24923669758043854
0.6246673696769928 0.4157307218254922
0.8299459578446593 0.12394401119993037
0.6939833222808868 0.41323186326164707
0.13105919544112876 0.6870692694715864
0.37164239845969227 0.8748634331737304
0.635496252185241 0.016396603855844516
0.6638634969816957 0.5872036320534335
0.4586584920480562 0.761011854099871
0.625681276462078 0.9144482062802479
0.3174061131768685 0.05372502812223856
0.7690459670938752 0.8021337802929559
0.7078905589676124 0.048834922091356536
0.9663181081841681 0.2742853012492681
0.7400685547116816 0.12038626608607672
0.7929648714059311 0.7686116039139024
0.7649741928561964 0.5830790519857553
0.7910484110894923 0.1311886842488007
0.3932091833148633 0.19153739411813908
0.6963194827286513 0.024483589725257993
0.8553550042824187 0.746914302935944
0.7917527026401899 0.575713070618773
0.4812832931466654 0.35419342519930175
0.49454573358418363 0.2782916686064897
0.5138208283291938 0.08804832058633305
0.7529328205029829 0.8631650247009528
0.3093405146569893 0.49461431599124106
0.7327450641192542 0.38172472145370584
0.3755127334979975 0.6065274362317185
0.689880655367117 0.9987654980235169
0.24910272892251173 0.8644187886223847
0.1973133019762484 0.5897296304451553
0.6982285518497647 0.6682211523189524
0.31013643037005945 0.266632583757932
0.9926096856536042 0.24494749106740876
0.5680819488467209 0.5317785298197032
0.9197253803898451 0.30825375753426565
0.5264609308390756 0.5382133262135743
0.9684093886949364 0.7188425821496796
0.9086765460314211 0.6458042588859688
0.1475994963380186 0.3095184404623226
0.8620023240823567 0.2637522370258425
0.921431573756793 0.7876756971315776
0.06537255281876486 0.5008129710293956
0.5899762438139308 0.8651233127345257
0.2070513967678893 0.415587618690926
0.3285452880444436 0.8307065661695671
0.16948964816132095 0.8476591664398929
0.4617552720354846 0.844487423135086
0.01020884734801053 0.9823165170989488
0.46193041360484444 0.6758494400114855
0.935655038629886 0.6792682067900205
0.4425161783171513 0.3977787692409456
0.1168709397425235 0.6445276443377308
0.11923231421074043 0.2887543112617871
0.18014460710545188 0.44032404766977473
0.07712818097082186 0.27840921808714225
0.28610679126223737 0.338255840405853
0.8210238304695501 0.5861516401643839
0.5227908419991122 0.41534523149830294
0.20554177040797705 0.14773338329904917
0.04002003388768216 0.13540021741880104
0.71691440226766 0.8789591373051292
0.8749114224255451 0.3545688205187789
0.07513955048560594 0.9518122350524963
0.7190209030218508 0.0437504991580141
0.915976217070984 0.5243434982653874
0.5065063699816615 0.26559128189475945
0.9029356312708969 0.37793203658826025
0.07328914942513842 0.27310494642069916
0.5474788473479787 0.5913361132983411
0.08408356469156886 0.8797788412170883
0.0180688459058701 0.4499312458182322
0.10810457852641775 0.24107219602812713
0.3694731611238541 0.46281970931268934
0.3922777746472349 0.8791595488310417
0.9128230996576647 0.993327003048877
0.28960051038443 0.04924687939619532
0.6192755672160501 0.8854651016649991
0.23425810353309862 0.884057022867675
0.24240417919799528 0.8020364745042095
0.921904851938962 0.8487737938679467
0.40216417673403526 0.3741949427992858
0.28313800985501814 0.8890362929825576
0.9645055884617695 0.5839552175280192
0.9952675019458421 0.06761038786570406
0.8528587231451891 0.1050309009731808
0.033461536255241175 0.660558293887973
0.936088322563719 0.373759159556475
0.15882098099043962 0.8441731664460548
0.6891578929950066 0.34462271666699895
0.10712102809687452 0.3315611419944905
0.9138273789168512 0.5135587618086674
0.6439366886490502 0.4398923299008648
0.7187058025457201 0.8519503307906987
0.1953783908684349 0.2662622371098142
0.34726419317042023 0.5361059677527471
0.4013701373081209 0.03304081257310276
0.6433788963562042 0.04072223474436043
0.8840782583252286 0.7617427630599627
0.5747816696506854 0.4824149155012578
0.9486482341743581 0.41422015857837813
0.9351806225502642 0.10423879437447758
0.48617323066313256 0.5732082686322034
0.9806208292596279 0.44830702971951053
0.5893628109340558 0.05262665816611689
0.08644832282009052 0.5583930681753843
0.47441469579517237 0.301374441532577
0.9430799670108233 0.6707816443697057
0.27144737162839594 0.7507587863478165
0.49522436202796727 0.7395465894354857
0.16349514750309335 0.6557988492582474
0.013395356116920998 0.19625082383185488
0.05131560290945125 0.06457135761378385
0.07225468589203832 0.07922933322423376
0.20215593725792003 0.025292538696952138
0.6173553353381055 0.6990444196376413
0.8965676813648693 0.5803185474661149
0.2796304433563078 0.3948229046374335
0.21962333731149375 0.4800323397271036
0.8275748363193675 0.17838558039948693
0.3759445914688264 0.8188247177396941
0.9090305921635687 0.9169397142643531
0.6630310109030261 0.5207786489948325
0.7787925944627151 0.3582468920937668
0.37185941451246596 0.29114351646059133
0.9800768130937181 0.35119370285958784
0.36775120095949343 0.786169337086692
0.8793822258177356 0.017515876257022445
0.9346993207809986 0.11215684610102683
0.3059388821483937 0.33695881290637864
0.3241434134998822 0.6531687359034286
0.2292270649508854 0.7774780470840513
0.3229187030618431 0.45306167955666854
0.3965939122827198 0.332881796174784
0.23316237592232836 0.33433333221526906
0.944105979693108 0.21951991911567303
0.8561601807896579 0.3675775248262244
0.20766751808273365 0.0784338819328354
0.3316422583123315 0.5290417424982333
0.6099628642566844 0.25565970095623003
0.3433754613427321 0.8571764243447295
0.07786048675605417 0.9749096059631341
0.5829015262420896 0.8931579625174523
0.7993437642830307 0.18792828092963976
0.9471856221002664 0.5799660784619157
0.20159814427856093 0.5849352806324049
0.9091768832032164 0.14527417605772663
0.05596867609616474 0.13762869863113014
0.7293374229415319 0.3552630312015893
0.5106136302843541 0.6259868200145743
0.2152627122829125 0.2576724633654104
0.45261854426844905 0.6316428780604947
0.17821419199106547 0.04589118169753381
0.4787335443526306 0.2172514624386208
0.6410322877488417 0.29598947213306226
0.02853119994862241 0.25832737707630715
0.787302658921566 0.16077478136961454
0.9519418003138921 0.49998230545570654
0.38465246231935235 0.5381695857347202
0.3234349375480752 0.5415404954160608
0.9836082521794869 0.31515757358520524
0.6479678471160616 0.44762273019086996
0.046536824011368494 0.6370192383341104
0.9987296023626666 0.7854015147145788
0.5228065070210162 0.9433205897889263
0.8810800841426157 0.5725056685675541
0.41008836721135467 0.6180788398319961
0.1939994089613014 0.8163386354537705
0.11433808562578396 0.19781360147958926
0.7407257911164449 0.29333142252760713
0.21854524413813725 0.09447965887665366
0.993009203556791 0.39534254863689944
0.8358579915274633 0.5179275744454708
0.756157981025046 0.836771376240887
0.5005011302198725 0.5693704256302768
0.3264746300218334 0.41113911384026014
0.10232911691520297 0.18336610798510522
0.9173126926559648 0.6954285617637018
0.10047252386929428 0.13386288057190765
0.6145972171802094 0.11706135129511874
0.7599106275379817 0.9149554933499311
0.8720726102877617 0.6471890006371387
0.9118812854447129 0.6327277081755014
0.8621170322916724 0.8908023716697069
0.8073585795009166 0.2946822242157333
0.0778876120630625 0.7736834548795853
0.869366939103604 0.9724620670387869
0.4173415140055262 0.33913134569920167
0.13864315974710628 0.11170159675859592
0.5461413944737208 0.047508594418742334
0.6201182397062116 0.5484203648591801
0.23253014769088887 0.3628470528437535
0.35446992233587515 0.4008068711566857
0.9519164294048227 0.3656355170114777
0.0571874838741806 0.9876061075024672
0.13853108637138167 0.08724668407133185
0.8740333552851004 0.527143574041004
0.539849748141588 0.34349201348651814
0.35451159110578156 0.23539533458850048
0.020122283017692033 0.3105173713681597
0.5935623457980622 0.604736502610982
0.6578283026819054 0.7086569988894067
0.4515345332059091 0.8218078901866358
0.21487929238648817 0.7413425359457514
0.5392714780967015 0.7172407540195122
0.7340301979394287 0.359886129624733
0.3993930039322332 0.5664641994054129
0.7272742693648877 0.8255218972598548
0.3013988112820284 0.7899215046476218
0.14292337590280724 0.8864689125730618
0.31131715865138343 0.800117412387745
0.9057108545755729 0.3707505141449362
0.9681680488701736 0.07764564651074579
0.6059335262759765 0.42954166159519425
0.8444465481111109 0.13143990306197595
0.39895722215873297 0.638962946531141
0.6138223736578831 0.2946842733359962
0.3432534125862535 0.3782615724718448
0.7615400117916349 0.8358193096747644
0.9790077414958033 0.0476605435580435
0.739689121687679 0.14321295734087747
0.7344066121825583 0.9716011967591853
0.4355371884414877 0.4730118437939269
0.1120943381564451 0.6504202260278795
0.608355286290571 0.7114957221885039
0.0041385162820599675 0.23763682962522903
0.6536849344317798 0.7729212922742821
0.3587845673538469 0.429810091106233
0.14102454315653157 0.4370581174003888
0.6347281619394208 0.823071250942438
0.5337641879080739 0.5746793127352181
0.49599340385859425 0.08720380820756857
0.7210712945295631 0.6262362358482259
0.9121365679436979 0.6564515843123304
0.5773897822463333 0.9091284877286768
0.4090894665612188 0.358832536355038
0.1992379893510372 0.8665135320411887
0.8718620878486305 0.06148082892349238
0.7125979892735453 0.8728517516054476
0.26752226444478056 0.6216629210532066
0.9239244343502689 0.9207183706981864
0.23816157631474277 0.44221807572687566
0.7850753710011548 0.31407965899487644
0.24144755188815303 0.7368842370551179
0.24282072439441338 0.5083228856908045
0.06646716199285685 0.6471067632137238
0.7522508388686382 0.2785750118074274
0.11833802415773731 0.3061167712606714
0.7224293471434895 0.03153178777544596
0.2590976198213104 0.9507616554285152
0.06682618846374999 0.04850217937303669
0.9364234152664581 0.7700091538053125
0.8430174909395184 0.7751093109730872
0.280776632103526 0.32836017520166283
0.8852125276025861 0.8736466645942488
0.1231339840141703 0.807761939055565
0.9752674279025458 0.7733915165818358
0.2121770996703386 0.03397287535192606
0.28712606484790537 0.8164795345099539
0.19442720612612852 0.4914770473348369
0.5521630309157534 0.2972123350110286
0.9538668946324071 0.20049365672165165
0.8564812154007159 0.7559945083307097
0.869521683745801 0.4316827410992413
0.6811336426253087 0.654622950858461
0.1573538735121225 0.02502344056171968
0.8463787666572504 0.2666951919648438
0.7149179025145485 0.014821240195332486
0.3060583057587366 0.8594489217175045
0.16573224931124575 0.8218511578445546
0.1959645952479152 0.818694087051412
0.27508085524015635 0.7776949356934426
0.6406282510305514 0.47992924706069906
0.3315933118925456 0.6600661632995471
0.019941502857876214 0.05490830882525921
0.5227547869013823 0.31195170695696417
0.045119500520982125 0.9750147098786356
0.508426308619471 0.17147941902212638
0.49195671431109744 0.1778180020918313
0.9449399552068114 0.09303126523444549
0.03984703877623763 0.7224443048030628
0.4758833909311615 0.29793694734795906
0.18042984088570213 0.45574116823652255
0.18187819683884543 0.018279050549712683
0.3571615137258465 0.021764083224809383
0.24821775316979788 0.22820252512461758
0.7818582827297207 0.12919351105997112
0.581932247095636 0.5094715781308414
0.21067523962874868 0.1336465672056476
0.12330444588928591 0.8978181846300698
0.5228953784104725 0.6702762026196608
0.3032293211848458 0.12352629605692911
0.3953596947147493 0.27615410023341047
0.43237570493617317 0.17056717525215503
0.8095625940054232 0.37766901768839567
0.7392401212632348 0.7718976555446196
0.907082515528878 0.9341133712645354
0.906007904766544 0.028519511465654346
0.3573532669527769 0.8098585664311313
0.45440831513994584 0.5775485683203162
0.21116696470388396 0.8487317594370092
0.6065878573939996 0.19846009923241137
0.8047149659183981 0.4783321351308354
0.44305137512317105 0.4151190398272122
0.28078385228831826 0.7343002220638358
0.08514456042189433 0.8364498381996087
0.17160220104635437 0.09183237393764399
0.3102570450104646 0.23925468181131115
0.7612898940805497 0.30261497515231806
0.8800845266771115 0.7963923974780823
0.18917191919616727 0.981755980238622
0.8072181355638053 0.9259255299203829
0.1126446970655145 0.5261041516742402
0.5990028928893443 0.8784611083080857
0.5524406035851503 0.5684432511658261
0.9525066888832792 0.23246347241241383
0.2938718912038739 0.4204168973979686
0.3137983017295283 0.272967857076162
0.9318805938819604 0.8882983648964518
0.06479686106853166 0.5283245767244189
0.819318454433658 0.14830257630681687
0.9676758807848078 0.8303722548168818
0.1868752357652802 0.21653335424220888
0.5009917227046938 0.4588133950602302
0.540802641557114 0.8291307301984081
0.057287619295713244 0.31205044522213743
0.15817960904444472 0.3403783880289185
0.3060201903953623 0.7871275548573666
0.7383884930896114 0.18131732589999283
0.9784314028009408 0.8719309697015981
0.433986926014562 0.6191660540729629
0.5732508733784755 0.46070797257061114
0.09257218513587273 0.4099988038145611
0.7705092776408146 0.7955047386818899
0.25499045764074024 0.35176656222955793
0.1960173908504952 0.5786312250495028
0.37191573893462193 0.46210496208483287
0.010129904724622829 0.5577881059999151
0.8249764478873628 0.8367001930726735
0.11309153461929988 0.1687903527609812
0.837955393461758 0.055416124565486946
0.13863953695316467 0.963116814475735
0.05096393791632392 0.2726286255846998
0.5549990443442279 0.4665928869572359
0.5062085740734429 0.625811655717598
0.20663463900208745 0.9033907071982554
0.36301509354389305 0.12851964550861605
0.6725588283595716 0.7558834385608586
0.6160574432273144 0.7073190665706197
0.39338212024445585 0.6572492973307833
0.323661779260053 0.8430803361186946
0.5458177098572038 0.3118781705419209
0.03784958657460047 0.8423630877966897
0.6763279260855628 0.08246944793994293
0.13740231797512292 0.8451491538431923
0.12874003210472518 0.5648179752775939
0.916569873230056 0.2316549713176581
0.4762195291888067 0.7343097300547944
0.7652428440794239 0.39631396758856374
0.42898766090452334 0.8741458159037039
0.8766101624776618 0.9474580575739899
0.6921806410510609 0.762656061189229
0.30487956522930504 0.39751193919927885
0.8081696500600603 0.8325187915853078
0.22061171110200595 0.3955160289066554
0.669589861805988 0.01750898382295174
0.5576375025980073 0.837942307966544
0.9735061812744659 0.1331591161521698
0.006292176673321492 0.5869125401222941
0.007240813576127159 0.5789542491596213
0.05748913279427792 0.1901358132411476
0.3431445025258305 0.3483041164127201
0.2792741803393618 0.10939931137010062
0.7905464218053656 0.8932584355302136
0.3006445828018418 0.23116260827197543
0.8390825502719927 0.03936472232103716
0.1931105061405498 0.20458758490386253
0.7946275594912604 0.9109811889694308
0.9336155853569906 0.7642444135388443
0.9268201128593353 0.9176828035023911
0.7051899766149362 0.4910674183280931
0.6244442995539862 0.6427819098348242
0.10724973672218518 0.13955144498027716
0.05720257579917287 0.6213640817898398
0.7160506630906511 0.5167615305736762
0.4086834132314604 0.034725962114365516
0.8034154860265776 0.8057377402078408
0.8323125134987608 0.4932166884817232
0.28622636260769707 0.652198090829543
0.06877814404061455 0.25732626190979824
0.04503632069213348 0.12596686733025464
0.42354272315215935 0.05517661742268454
0.13805361864121557 0.6472400782562007
0.43081122713793996 0.495510448984401
0.16274265197037407 0.010518027022054177
0.6040593878643027 0.38313307116986073
0.4296767626280771 0.22924260647866324
0.34200594420333996 0.7955046609565429
0.7763819229731029 0.2922503229686123
0.7901978468469818 0.31998739436232615
0.15525038488592913 0.08994388308388834
0.6859304214300738 0.6023050826665864
0.21855912179921555 0.37265794890155113
0.676477168003014 0.8149443716413565
0.3889266334002941 0.027522238768049045
0.0856196673698919 0.8351851511423302
0.22286932255961045 0.37765698836413275
0.3378453310268392 0.6347650918879438
0.727964327029047 0.25078445373566516
0.16861533513312466 0.6069676603283357
0.43038367119882626 0.39789570912920846
0.8570483148907097 0.23245076552797972
0.30428834968827745 0.48415998552046335
0.6047165704600953 0.3363721189232397
0.021408024803180714 0.46242238223017285
0.8496114383053862 0.10323222101804364
0.8572266685353978 0.30122916145610534
0.19329457329091349 0.9151388424474075
0.46795660133960015 0.062079989316341955
0.5628173249257776 0.27242278215544535
0.5593339394267764 0.45952715602883376
0.6798979671948996 0.7878116813413111
0.05236709871463552 0.35963759052785016
0.9221425198641889 0.4570512278098732
0.6559012509090432 0.7838222534388076
0.20299310856424935 0.11328639980061284
0.7425598923714685 0.5791454772980594
0.5208765819081465 0.9237091649232768
0.3603084997856958 0.1342077806542198
0.27317270054520026 0.723801876359934
0.4975457035074239 0.14791050297757657
0.3314972655206774 0.6102715499129305
0.5565430206156057 0.5831068352019804
0.5547892804467328 0.44698238132485524
0.09010317226460329 0.7641587496974421
0.9277578682707652 0.6072496422912382
0.4993969027497561 0.8133528586958896
0.11009930260762546 0.8940645809882081
0.024521375943129198 0.7977536374545049
0.9864368395256431 0.7616810683142603
0.30983922588038937 0.7220402098498834
0.42065334796855935 0.14636877537611725
0.16690153764804694 0.6448452297244919
0.031716841435160625 0.24258403572646603
0.2790448657273874 0.837223918740243
0.37327334425835856 0.1819225227530018
0.6393994252836522 0.6400749955339191
0.7815091378314449 0.10926454503465266
0.6040351131721688 0.9663003328404541
0.6528505661645659 0.33320136701029923
0.4813056679801503 0.5893076221575214
0.6022265401436423 0.5285896337830219
0.5396513501414103 0.9876749235381935
0.7655772014734735 0.5918799558071988
0.2827119906945762 0.8235086351116309
0.28391994115676056 0.8689184458199743
0.7060766143221895 0.564827704412125
0.20154158842172332 0.04492128438728937
0.8305862287720878 0.9753693839701736
0.7053790401435598 0.8390200262505189
0.3839155203291714 0.8426814879810692
0.43116521373979944 0.5229072378689686
0.9703546428812133 0.07960965189152847
0.5956951068449249 0.7197049298890861
0.502878588882671 0.42889932110650075
0.08052448277794355 0.33831277595886644
0.7948136718382687 0.6792739314975516
0.9721892738812582 0.2617935036856973
0.5715843667029257 0.4625947836659534
0.5928052906412209 0.2917912830124416
0.8202219334587346 0.9592754405812755
0.13841791833106598 0.026202078295740505
0.1986861289436851 0.23071277043138572
0.5517358466898638 0.738562284422586
0.039086368475288236 0.5544925360311842
0.02231225962183392 0.4273986627818771
0.3852390137580657 0.9404943385506638
0.5774502925293709 0.2365364755416991
0.7756309422082734 0.6421364882978312
0.8467513967124543 0.21929090142390184
0.6827524056376939 0.246221533573741
0.6152898498689656 0.6771510893774938
0.15215556709940736 0.8204922883956401
0.54626953684864 0.006414861616503065
0.7928686660280194 0.027738661105993212
0.008243945690919241 0.2921141753595281
0.4529153698526146 0.6438281216697819
0.45742764597878804 0.009469734392577256
0.36806102644790706 0.29607286536235256
0.5653081279851349 0.8980427603980283
0.5335580496808604 0.5893424780297002
0.82529819902476 0.4809646309222271
0.7722344053760953 0.4859180671036435
0.3749803955230009 0.5553299994319683
0.8963049066397274 0.7790065452509
0.3952943111934557 0.18755211334980382
0.738288942097269 0.051980356641119774
0.9174297113639336 0.7905260549429707
0.10209750350996127 0.39922437495925545
0.2655607241035771 0.3848890960517679
0.408308776242975 0.21560270021147576
0.3740362868453312 0.7824669418537498
0.8338041741291619 0.41725406147411714
0.47881426057828436 0.5755515571605124
0.22298432268609847 0.902378921328606
0.35552727584415444 0.43479655008116724
0.4066741000099464 0.05064481059528658
0.4725482929524739 0.06026741095288557
0.5931405483711325 0.24288408156239005
0.08229508909721561 0.464898676893593
0.8608118569743726 0.08552564224296288
0.3711480951677917 0.28753186864150215
0.9522032371606914 0.31401120180728925
0.17402449697287847 0.44154021141477307
0.14017237507501767 0.6066304649691501
0.4604452090908251 0.3032779570645928
0.9522233530959174 0.14023898105995214
0.6378282351958187 0.5112723636825846
0.1755574370037366 0.6231829423421977
0.5345252308102639 0.4240106224910539
0.12713907137455827 0.6731113872696144
0.869061412257026 0.55171754726242
0.5696234124519688 0.16353418742397197
0.4097615986885149 0.7667359188541266
0.27908510238213 0.3086197607690515
0.2531650900622534 0.8138315373190737
0.020494615104097336 0.5661504877642951
0.687630892588532 0.7572873176189742
0.3743710226829067 0.6394791301590034
0.9497255837271158 0.657538216648956
0.9916823636297587 0.08801773873139396
0.06776662925958232 0.15174625338199632
0.004108983423580237 0.938718029849451
0.15710633444601174 0.20004881180398448
0.18268393553318152 0.015112706580515334
0.9396133131890072 0.5617295322566065
0.821719133566646 0.8927629564236186
0.2674819077862428 0.9855003976999039
0.0977128091610674 0.588157571884742
0.21341086967177414 0.8197892188877131
0.7053892045433598 0.06094173454771068
0.08648182526645587 0.5655696348665061
0.020387724555573694 0.4917286188609641
0.18167970166244984 0.08393352326769432
0.18580091854994096 0.063480006444119
0.34125462137790685 0.5031233388058478
0.7232136973012705 0.5241076135150753
0.8794534571340318 0.23413234392532356
0.9031426094279371 0.32508711128671597
0.02750815289482167 0.2876451393586136
0.2912529618941163 0.49572207677671387
0.444553389652503 0.8772271888135936
0.39382535848304934 0.024904620416495105
0.601398525973877 0.6358456340883282
0.29487893483162564 0.8814613235383197
0.5467426336490867 0.6076609039844494
0.25275780949554705 0.8744852904374253
0.5038182835770793 0.6353488786624605
0.04414777137730619 0.3762207055888057
0.5670612322183389 0.7365491437248247
0.7472681294002717 0.2978112738794445
0.8934079539755211 0.5306798875619918
0.3696667964877396 0.7107996188294866
0.709599980571474 0.8413368583345474
0.7363687115015649 0.5175046123358323
0.8768227605722552 0.7055910459859458
0.805455405801133 0.19655629881426961
0.05160943720058897 0.2757199536305819
0.1695284605812808 0.11374612094697845
0.915483559552638 0.9271762552320559
0.21575240602568602 0.24062020957472585
0.8029334050231697 0.5084455593527363
0.24246511436767726 0.8891871907442122
0.5301779870748029 0.45656674592182855
0.2886419530159807 0.7848054433622436
0.709984932413536 0.33313706294026435
0.627913668393088 0.901694329574777
0.12350578143080049 0.7974622548122897
0.41180934375926814 0.292417879869567
0.9519665349656858 0.7294047900235379
0.880178149969745 0.19251641366758865
0.3670933621491721 0.7604329358450443
0.6491405955078277 0.18046243017892472
0.846559985929002 0.7676631305404343
0.25560861773247 0.9119710970508675
0.8972104796004803 0.4036021966972755
0.9622285856436974 0.9828653428460895
0.26522467349481693 0.5081422016352682
0.20584721807765627 0.31866955568602306
0.7249604060774546 0.5142035732807011
0.31427038142220587 0.5211326478290504
0.6728699277440195 0.08209410460150646
0.6826604484606762 0.34407866647080954
0.30488719305356315 0.43748132642046333
0.2803154778735044 0.09038909735498168
0.7463674174176699 0.9002328593452091
0.27558418582218114 0.8564914949458441
0.22721040558152805 0.029986271877195603
0.44696214561050673 0.17547599440198436
0.9491109153704542 0.8654871957159253
0.2744275505549192 0.49136126144380343
0.9524993373259886 0.23528978722668648
0.573906326440181 0.8762338628554583
0.8882168254925302 0.5810284094664694
0.378347334690077 0.06579728846448063
0.15867575891018082 0.3686794438482267
0.548591199653006 0.6395714373485056
0.003894029952579592 0.9891328530159943
0.2621972021519017 0.14505407262070213
0.1213755019037438 0.6803583593712837
0.1405142388550341 0.4122212301527196
0.9262642855973893 0.9084608644834662
0.8639135224868905 0.2787757800971964
0.23590656510796792 0.6075581686097619
0.11207725343819419 0.05115489203408796
0.19504505111566617 0.16905743426484132
0.8462313240331992 0.8747845628907395
0.42543953096835396 0.6987136388377898
0.41404238081217626 0.41186325256574274
0.6741389520417503 0.6679002762968924
0.052055376710583134 0.4234038057326549
0.2187787908854104 0.7409700337798124
0.2652113093469999 0.42972463448923226
0.04449623759957755 0.6854348709713224
0.12001308457132909 0.4971293506383214
0.7722311175200818 0.3243150115614739
0.4536943389251752 0.3627056138264645
